[[[[0,6],[8,9]],[[4,7],[5,6]]],[[[1,4],[8,7]],[4,6]]]
[[[[6,4],[1,5]],[0,8]],[[[9,7],[1,2]],[9,4]]]
[[[[4,5],[0,7]],[9,[1,8]]],[[[5,0],6],7]]
[[[0,[6,9]],[5,[5,6]]],7]
[[4,5],[[7,[6,5]],1]]
[[[7,9],[6,7]],[4,1]]
[[[[9,6],1],[[3,1],[9,7]]],[1,[7,1]]]
[[[0,[2,0]],5],[[8,[7,6]],[[7,3],4]]]
[[[6,[1,7]],[9,[2,7]]],3]
[[[6,[8,2]],5],[4,[[1,3],[5,1]]]]
[[[4,[3,3]],[4,[2,4]]],[5,4]]
[[[1,6],[4,[4,0]]],[[8,[2,2]],[[8,1],[4,7]]]]
[[2,0],[[2,1],[[4,8],[2,7]]]]
[9,[[8,4],0]]
[[1,6],[[5,[1,3]],[9,[0,9]]]]
[[[0,[3,5]],3],[[2,[8,0]],[[2,0],[4,3]]]]
[[[1,[1,9]],[9,[7,9]]],[[2,2],[[6,7],[0,7]]]]